{
    "camera_angle_x": 0.6911112070083618,
    "frames": [
        {
            "file_path": "C:\\Users\\Ian\\Desktop\\blend_files_fixed\\blend_files_fixed\\results_test_100/r_0",
            "rotation": 0.06283185307179587,
            "transform_matrix": [
                [
                    -0.9999999403953552,
                    0.0,
                    0.0,
                    0.0
                ],
                [
                    0.0,
                    -0.7341099977493286,
                    0.6790305972099304,
                    2.737260103225708
                ],
                [
                    0.0,
                    0.6790306568145752,
                    0.7341098785400391,
                    2.959291696548462
                ],
                [
                    0.0,
                    0.0,
                    0.0,
                    1.0
                ]
            ]
        },
        {
            "file_path": "C:\\Users\\Ian\\Desktop\\blend_files_fixed\\blend_files_fixed\\results_test_100/r_1",
            "rotation": 0.06283185307179587,
            "transform_matrix": [
                [
                    -0.9921146631240845,
                    0.09200838953256607,
                    -0.08510510623455048,
                    -0.3430696725845337
                ],
                [
                    -0.12533323466777802,
                    -0.7283213138580322,
                    0.6736761927604675,
                    2.7156758308410645
                ],
                [
                    0.0,
                    0.6790306568145752,
                    0.7341098785400391,
                    2.959291696548462
                ],
                [
                    0.0,
                    0.0,
                    0.0,
                    1.0
                ]
            ]
        },
        {
            "file_path": "C:\\Users\\Ian\\Desktop\\blend_files_fixed\\blend_files_fixed\\results_test_100/r_2",
            "rotation": 0.06283185307179587,
            "transform_matrix": [
                [
                    -0.9685831665992737,
                    0.1824490875005722,
                    -0.16899409890174866,
                    -0.6812370419502258
                ],
                [
                    -0.2486899048089981,
                    -0.7105922102928162,
                    0.6581884622573853,
                    2.653242826461792
                ],
                [
                    -7.450580152834618e-09,
                    0.6795374751091003,
                    0.733640730381012,
                    2.9574005603790283
                ],
                [
                    0.0,
                    0.0,
                    0.0,
                    1.0
                ]
            ]
        },
        {
            "file_path": "C:\\Users\\Ian\\Desktop\\blend_files_fixed\\blend_files_fixed\\results_test_100/r_3",
            "rotation": 0.06283185307179587,
            "transform_matrix": [
                [
                    -0.9297764897346497,
                    0.2695530354976654,
                    -0.25071269273757935,
                    -1.0106552839279175
                ],
                [
                    -0.3681246042251587,
                    -0.680813193321228,
                    0.6332279443740845,
                    2.552623748779297
                ],
                [
                    0.0,
                    0.6810540556907654,
                    0.7322331070899963,
                    2.951726198196411
                ],
                [
                    0.0,
                    0.0,
                    0.0,
                    1.0
                ]
            ]
        },
        {
            "file_path": "C:\\Users\\Ian\\Desktop\\blend_files_fixed\\blend_files_fixed\\results_test_100/r_4",
            "rotation": 0.06283185307179587,
            "transform_matrix": [
                [
                    -0.8763067126274109,
                    0.35162538290023804,
                    -0.32931169867515564,
                    -1.327497959136963
                ],
                [
                    -0.4817536473274231,
                    -0.6396042108535767,
                    0.5990157723426819,
                    2.4147098064422607
                ],
                [
                    0.0,
                    0.6835686564445496,
                    0.7298862338066101,
                    2.942265510559082
                ],
                [
                    0.0,
                    0.0,
                    0.0,
                    1.0
                ]
            ]
        },
        {
            "file_path": "C:\\Users\\Ian\\Desktop\\blend_files_fixed\\blend_files_fixed\\results_test_100/r_5",
            "rotation": 0.06283185307179587,
            "transform_matrix": [
                [
                    -0.8090171217918396,
                    0.42708420753479004,
                    -0.4038446247577667,
                    -1.627949833869934
                ],
                [
                    -0.5877852439880371,
                    -0.5878310203552246,
                    0.5558444857597351,
                    2.2406809329986572
                ],
                [
                    0.0,
                    0.6870615482330322,
                    0.7265990972518921,
                    2.9290149211883545
                ],
                [
                    0.0,
                    0.0,
                    0.0,
                    1.0
                ]
            ]
        },
        {
            "file_path": "C:\\Users\\Ian\\Desktop\\blend_files_fixed\\blend_files_fixed\\results_test_100/r_6",
            "rotation": 0.06283185307179587,
            "transform_matrix": [
                [
                    -0.728968620300293,
                    0.4944969713687897,
                    -0.4733682870864868,
                    -1.9082087278366089
                ],
                [
                    -0.6845471858978271,
                    -0.5265857577323914,
                    0.5040859580039978,
                    2.0320358276367188
                ],
                [
                    0.0,
                    0.6915058493614197,
                    0.7223708033561707,
                    2.9119701385498047
                ],
                [
                    0.0,
                    0.0,
                    0.0,
                    1.0
                ]
            ]
        },
        {
            "file_path": "C:\\Users\\Ian\\Desktop\\blend_files_fixed\\blend_files_fixed\\results_test_100/r_7",
            "rotation": 0.06283185307179587,
            "transform_matrix": [
                [
                    -0.6374239921569824,
                    0.5526125431060791,
                    -0.536945104598999,
                    -2.1644949913024902
                ],
                [
                    -0.7705132365226746,
                    -0.4571608901023865,
                    0.44419965147972107,
                    1.790626049041748
                ],
                [
                    0.0,
                    0.6968668103218079,
                    0.717200517654419,
                    2.891127824783325
                ],
                [
                    0.0,
                    0.0,
                    0.0,
                    1.0
                ]
            ]
        },
        {
            "file_path": "C:\\Users\\Ian\\Desktop\\blend_files_fixed\\blend_files_fixed\\results_test_100/r_8",
            "rotation": 0.06283185307179587,
            "transform_matrix": [
                [
                    -0.5358266234397888,
                    0.6003914475440979,
                    -0.5936495065689087,
                    -2.393077850341797
                ],
                [
                    -0.8443279266357422,
                    -0.3810199201107025,
                    0.37674131989479065,
                    1.5186930894851685
                ],
                [
                    0.0,
                    0.7031029462814331,
                    0.7110879421234131,
                    2.866487503051758
                ],
                [
                    0.0,
                    0.0,
                    0.0,
                    1.0
                ]
            ]
        },
        {
            "file_path": "C:\\Users\\Ian\\Desktop\\blend_files_fixed\\blend_files_fixed\\results_test_100/r_9",
            "rotation": 0.06283185307179587,
            "transform_matrix": [
                [
                    -0.4257792532444,
                    0.637029230594635,
                    -0.6425773501396179,
                    -2.5903124809265137
                ],
                [
                    -0.9048271179199219,
                    -0.29976314306259155,
                    0.30237388610839844,
                    1.2189081907272339
                ],
                [
                    0.0,
                    0.7101660370826721,
                    0.704034149646759,
                    2.838052749633789
                ],
                [
                    0.0,
                    0.0,
                    0.0,
                    1.0
                ]
            ]
        },
        {
            "file_path": "C:\\Users\\Ian\\Desktop\\blend_files_fixed\\blend_files_fixed\\results_test_100/r_10",
            "rotation": 0.06283185307179587,
            "transform_matrix": [
                [
                    -0.3090168535709381,
                    0.6619749665260315,
                    -0.6828598380088806,
                    -2.7526960372924805
                ],
                [
                    -0.9510565996170044,
                    -0.2150886058807373,
                    0.22187450528144836,
                    0.8944047689437866
                ],
                [
                    0.0,
                    0.7180013060569763,
                    0.6960417032241821,
                    2.8058338165283203
                ],
                [
                    0.0,
                    0.0,
                    0.0,
                    1.0
                ]
            ]
        },
        {
            "file_path": "C:\\Users\\Ian\\Desktop\\blend_files_fixed\\blend_files_fixed\\results_test_100/r_11",
            "rotation": 0.06283185307179587,
            "transform_matrix": [
                [
                    -0.1873810887336731,
                    0.6749445796012878,
                    -0.7136793732643127,
                    -2.8769335746765137
                ],
                [
                    -0.9822872281074524,
                    -0.12875241041183472,
                    0.13614146411418915,
                    0.5488038063049316
                ],
                [
                    7.4505792646561986e-09,
                    0.7265485525131226,
                    0.6871151328086853,
                    2.7698497772216797
                ],
                [
                    0.0,
                    0.0,
                    0.0,
                    1.0
                ]
            ]
        },
        {
            "file_path": "C:\\Users\\Ian\\Desktop\\blend_files_fixed\\blend_files_fixed\\results_test_100/r_12",
            "rotation": 0.06283185307179587,
            "transform_matrix": [
                [
                    -0.06279025971889496,
                    0.6759254336357117,
                    -0.7342901825904846,
                    -2.9600186347961426
                ],
                [
                    -0.9980267882347107,
                    -0.04252544790506363,
                    0.04619742929935455,
                    0.18622781336307526
                ],
                [
                    -1.862645149230957e-09,
                    0.7357420921325684,
                    0.6772617697715759,
                    2.7301297187805176
                ],
                [
                    0.0,
                    0.0,
                    0.0,
                    1.0
                ]
            ]
        },
        {
            "file_path": "C:\\Users\\Ian\\Desktop\\blend_files_fixed\\blend_files_fixed\\results_test_100/r_13",
            "rotation": 0.06283185307179587,
            "transform_matrix": [
                [
                    0.06279083341360092,
                    0.6651772856712341,
                    -0.7440405488014221,
                    -2.999323606491089
                ],
                [
                    -0.9980267882347107,
                    0.041849613189697266,
                    -0.046811293810606,
                    -0.18870237469673157
                ],
                [
                    0.0,
                    0.7455117702484131,
                    0.6664924025535583,
                    2.6867170333862305
                ],
                [
                    0.0,
                    0.0,
                    0.0,
                    1.0
                ]
            ]
        },
        {
            "file_path": "C:\\Users\\Ian\\Desktop\\blend_files_fixed\\blend_files_fixed\\results_test_100/r_14",
            "rotation": 0.06283185307179587,
            "transform_matrix": [
                [
                    0.18738166987895966,
                    0.6432228088378906,
                    -0.7423964738845825,
                    -2.9926958084106445
                ],
                [
                    -0.9822871685028076,
                    0.12270155549049377,
                    -0.1416199803352356,
                    -0.5708884000778198
                ],
                [
                    0.0,
                    0.7557834386825562,
                    0.654821515083313,
                    2.639669895172119
                ],
                [
                    0.0,
                    0.0,
                    0.0,
                    1.0
                ]
            ]
        },
        {
            "file_path": "C:\\Users\\Ian\\Desktop\\blend_files_fixed\\blend_files_fixed\\results_test_100/r_15",
            "rotation": 0.06283185307179587,
            "transform_matrix": [
                [
                    0.3090173900127411,
                    0.6108329892158508,
                    -0.7289658784866333,
                    -2.9385557174682617
                ],
                [
                    -0.9510563611984253,
                    0.19847194850444794,
                    -0.23685571551322937,
                    -0.9547960162162781
                ],
                [
                    0.0,
                    0.7664802670478821,
                    0.6422677636146545,
                    2.589064359664917
                ],
                [
                    0.0,
                    0.0,
                    0.0,
                    1.0
                ]
            ]
        },
        {
            "file_path": "C:\\Users\\Ian\\Desktop\\blend_files_fixed\\blend_files_fixed\\results_test_100/r_16",
            "rotation": 0.06283185307179587,
            "transform_matrix": [
                [
                    0.4257795512676239,
                    0.5690050721168518,
                    -0.7035232186317444,
                    -2.8359930515289307
                ],
                [
                    -0.904826819896698,
                    0.2677536904811859,
                    -0.3310531973838806,
                    -1.3345181941986084
                ],
                [
                    0.0,
                    0.7775225639343262,
                    0.6288550496101379,
                    2.5349960327148438
                ],
                [
                    0.0,
                    0.0,
                    0.0,
                    1.0
                ]
            ]
        },
        {
            "file_path": "C:\\Users\\Ian\\Desktop\\blend_files_fixed\\blend_files_fixed\\results_test_100/r_17",
            "rotation": 0.06283185307179587,
            "transform_matrix": [
                [
                    0.5358270406723022,
                    0.5189342498779297,
                    -0.6660304069519043,
                    -2.684854745864868
                ],
                [
                    -0.8443276286125183,
                    0.32932597398757935,
                    -0.42267611622810364,
                    -1.7038620710372925
                ],
                [
                    0.0,
                    0.7888293862342834,
                    0.6146122217178345,
                    2.477581262588501
                ],
                [
                    0.0,
                    0.0,
                    0.0,
                    1.0
                ]
            ]
        },
        {
            "file_path": "C:\\Users\\Ian\\Desktop\\blend_files_fixed\\blend_files_fixed\\results_test_100/r_18",
            "rotation": 0.06283185307179587,
            "transform_matrix": [
                [
                    0.6374242901802063,
                    0.46197956800460815,
                    -0.6166564226150513,
                    -2.485821485519409
                ],
                [
                    -0.7705129981040955,
                    0.3821830451488495,
                    -0.510142982006073,
                    -2.0564520359039307
                ],
                [
                    0.0,
                    0.800319254398346,
                    0.5995740294456482,
                    2.4169602394104004
                ],
                [
                    0.0,
                    0.0,
                    0.0,
                    1.0
                ]
            ]
        },
        {
            "file_path": "C:\\Users\\Ian\\Desktop\\blend_files_fixed\\blend_files_fixed\\results_test_100/r_19",
            "rotation": 0.06283185307179587,
            "transform_matrix": [
                [
                    0.7289689779281616,
                    0.3996252715587616,
                    -0.5557912588119507,
                    -2.2404658794403076
                ],
                [
                    -0.6845468282699585,
                    0.4255581200122833,
                    -0.5918581485748291,
                    -2.3858561515808105
                ],
                [
                    1.4901161193847656e-08,
                    0.8119112253189087,
                    0.5837809443473816,
                    2.3532960414886475
                ],
                [
                    0.0,
                    0.0,
                    0.0,
                    1.0
                ]
            ]
        },
        {
            "file_path": "C:\\Users\\Ian\\Desktop\\blend_files_fixed\\blend_files_fixed\\results_test_100/r_20",
            "rotation": 0.06283185307179587,
            "transform_matrix": [
                [
                    0.8090174198150635,
                    0.33343827724456787,
                    -0.48405563831329346,
                    -1.9512907266616821
                ],
                [
                    -0.5877848267555237,
                    0.45893895626068115,
                    -0.666246235370636,
                    -2.6857244968414307
                ],
                [
                    0.0,
                    0.8235253095626831,
                    0.5672795176506042,
                    2.2867767810821533
                ],
                [
                    0.0,
                    0.0,
                    0.0,
                    1.0
                ]
            ]
        },
        {
            "file_path": "C:\\Users\\Ian\\Desktop\\blend_files_fixed\\blend_files_fixed\\results_test_100/r_21",
            "rotation": 0.06283185307179587,
            "transform_matrix": [
                [
                    0.87630695104599,
                    0.26502326130867004,
                    -0.4023043215274811,
                    -1.6217405796051025
                ],
                [
                    -0.4817531406879425,
                    0.4820761978626251,
                    -0.7317898869514465,
                    -2.949939489364624
                ],
                [
                    0.0,
                    0.8350839614868164,
                    0.5501224994659424,
                    2.2176146507263184
                ],
                [
                    0.0,
                    0.0,
                    0.0,
                    1.0
                ]
            ]
        },
        {
            "file_path": "C:\\Users\\Ian\\Desktop\\blend_files_fixed\\blend_files_fixed\\results_test_100/r_22",
            "rotation": 0.06283185307179587,
            "transform_matrix": [
                [
                    0.9297767877578735,
                    0.19597773253917694,
                    -0.3116214871406555,
                    -1.2561864852905273
                ],
                [
                    -0.36812397837638855,
                    0.4949841797351837,
                    -0.7870675325393677,
                    -3.1727709770202637
                ],
                [
                    0.0,
                    0.8465124368667603,
                    0.5323687791824341,
                    2.146047353744507
                ],
                [
                    0.0,
                    0.0,
                    0.0,
                    1.0
                ]
            ]
        },
        {
            "file_path": "C:\\Users\\Ian\\Desktop\\blend_files_fixed\\blend_files_fixed\\results_test_100/r_23",
            "rotation": 0.06283185307179587,
            "transform_matrix": [
                [
                    0.968583345413208,
                    0.12784694135189056,
                    -0.21331076323986053,
                    -0.859883189201355
                ],
                [
                    -0.248689204454422,
                    0.49793240427970886,
                    -0.8307929635047913,
                    -3.3490335941314697
                ],
                [
                    7.450580596923828e-09,
                    0.8577403426170349,
                    0.514083206653595,
                    2.072335720062256
                ],
                [
                    0.0,
                    0.0,
                    0.0,
                    1.0
                ]
            ]
        },
        {
            "file_path": "C:\\Users\\Ian\\Desktop\\blend_files_fixed\\blend_files_fixed\\results_test_100/r_24",
            "rotation": 0.06283185307179587,
            "transform_matrix": [
                [
                    0.992114782333374,
                    0.062081702053546906,
                    -0.10887650400400162,
                    -0.43889525532722473
                ],
                [
                    -0.12533248960971832,
                    0.49143022298812866,
                    -0.8618514537811279,
                    -3.4742345809936523
                ],
                [
                    0.0,
                    0.8687013983726501,
                    0.49533602595329285,
                    1.9967634677886963
                ],
                [
                    0.0,
                    0.0,
                    0.0,
                    1.0
                ]
            ]
        },
        {
            "file_path": "C:\\Users\\Ian\\Desktop\\blend_files_fixed\\blend_files_fixed\\results_test_100/r_25",
            "rotation": 0.06283185307179587,
            "transform_matrix": [
                [
                    0.9999999403953552,
                    -3.8223799947445514e-07,
                    7.058236519696948e-07,
                    2.845265953510534e-06
                ],
                [
                    8.026785849324369e-07,
                    0.476203054189682,
                    -0.8793352842330933,
                    -3.5447139739990234
                ],
                [
                    -2.8421707736338113e-14,
                    0.879335343837738,
                    0.4762030243873596,
                    1.9196357727050781
                ],
                [
                    0.0,
                    0.0,
                    0.0,
                    1.0
                ]
            ]
        },
        {
            "file_path": "C:\\Users\\Ian\\Desktop\\blend_files_fixed\\blend_files_fixed\\results_test_100/r_26",
            "rotation": 0.06283185307179587,
            "transform_matrix": [
                [
                    0.9921146631240845,
                    -0.05724819004535675,
                    0.11149562150239944,
                    0.4494532644748688
                ],
                [
                    0.12533408403396606,
                    0.4531630277633667,
                    -0.8825727105140686,
                    -3.5577645301818848
                ],
                [
                    0.0,
                    0.8895875811576843,
                    0.45676472783088684,
                    1.8412775993347168
                ],
                [
                    0.0,
                    0.0,
                    0.0,
                    1.0
                ]
            ]
        },
        {
            "file_path": "C:\\Users\\Ian\\Desktop\\blend_files_fixed\\blend_files_fixed\\results_test_100/r_27",
            "rotation": 0.06283185307179587,
            "transform_matrix": [
                [
                    0.9685829281806946,
                    -0.10870418697595596,
                    0.2236749678850174,
                    0.9016626477241516
                ],
                [
                    0.24869076907634735,
                    0.4233732521533966,
                    -0.8711532354354858,
                    -3.511730909347534
                ],
                [
                    7.450580596923828e-09,
                    0.8994100689888,
                    0.43710583448410034,
                    1.762030005455017
                ],
                [
                    0.0,
                    0.0,
                    0.0,
                    1.0
                ]
            ]
        },
        {
            "file_path": "C:\\Users\\Ian\\Desktop\\blend_files_fixed\\blend_files_fixed\\results_test_100/r_28",
            "rotation": 0.06283185307179587,
            "transform_matrix": [
                [
                    0.9297761917114258,
                    -0.15362416207790375,
                    0.33453840017318726,
                    1.3485674858093262
                ],
                [
                    0.36812543869018555,
                    0.388009250164032,
                    -0.8449452519416809,
                    -3.406083345413208
                ],
                [
                    0.0,
                    0.9087620377540588,
                    0.41731464862823486,
                    1.6822491884231567
                ],
                [
                    0.0,
                    0.0,
                    0.0,
                    1.0
                ]
            ]
        },
        {
            "file_path": "C:\\Users\\Ian\\Desktop\\blend_files_fixed\\blend_files_fixed\\results_test_100/r_29",
            "rotation": 0.06283185307179587,
            "transform_matrix": [
                [
                    0.8763061165809631,
                    -0.19148893654346466,
                    0.4420626759529114,
                    1.7820117473602295
                ],
                [
                    0.4817545413970947,
                    0.3483162522315979,
                    -0.8041070699691772,
                    -3.241459608078003
                ],
                [
                    0.0,
                    0.9176097512245178,
                    0.39748233556747437,
                    1.6023026704788208
                ],
                [
                    0.0,
                    0.0,
                    0.0,
                    1.0
                ]
            ]
        },
        {
            "file_path": "C:\\Users\\Ian\\Desktop\\blend_files_fixed\\blend_files_fixed\\results_test_100/r_30",
            "rotation": 0.06283185307179587,
            "transform_matrix": [
                [
                    0.8090162873268127,
                    -0.22200816869735718,
                    0.544247031211853,
                    2.193930149078369
                ],
                [
                    0.587786078453064,
                    0.30556729435920715,
                    -0.7490900754928589,
                    -3.019678831100464
                ],
                [
                    1.4901160305669237e-08,
                    0.9259271025657654,
                    0.3777022361755371,
                    1.522566556930542
                ],
                [
                    0.0,
                    0.0,
                    0.0,
                    1.0
                ]
            ]
        },
        {
            "file_path": "C:\\Users\\Ian\\Desktop\\blend_files_fixed\\blend_files_fixed\\results_test_100/r_31",
            "rotation": 0.06283185307179587,
            "transform_matrix": [
                [
                    0.7289678454399109,
                    -0.24511544406414032,
                    0.6391590237617493,
                    2.5765323638916016
                ],
                [
                    0.6845479011535645,
                    0.26102083921432495,
                    -0.6806337237358093,
                    -2.7437222003936768
                ],
                [
                    0.0,
                    0.9336950182914734,
                    0.3580690920352936,
                    1.4434226751327515
                ],
                [
                    0.0,
                    0.0,
                    0.0,
                    1.0
                ]
            ]
        },
        {
            "file_path": "C:\\Users\\Ian\\Desktop\\blend_files_fixed\\blend_files_fixed\\results_test_100/r_32",
            "rotation": 0.06283185307179587,
            "transform_matrix": [
                [
                    0.6374230980873108,
                    -0.2609560489654541,
                    0.7249783873558044,
                    2.9224815368652344
                ],
                [
                    0.7705139517784119,
                    0.2158811092376709,
                    -0.5997528433799744,
                    -2.4176812171936035
                ],
                [
                    0.0,
                    0.9409023523330688,
                    0.33867788314819336,
                    1.365254282951355
                ],
                [
                    0.0,
                    0.0,
                    0.0,
                    1.0
                ]
            ]
        },
        {
            "file_path": "C:\\Users\\Ian\\Desktop\\blend_files_fixed\\blend_files_fixed\\results_test_100/r_33",
            "rotation": 0.06283185307179587,
            "transform_matrix": [
                [
                    0.5358257293701172,
                    -0.2698673605918884,
                    0.8000389933586121,
                    3.225059986114502
                ],
                [
                    0.8443284034729004,
                    0.17126259207725525,
                    -0.5077188611030579,
                    -2.046679973602295
                ],
                [
                    -1.4901157641133977e-08,
                    0.9475446343421936,
                    0.3196236491203308,
                    1.2884440422058105
                ],
                [
                    0.0,
                    0.0,
                    0.0,
                    1.0
                ]
            ]
        },
        {
            "file_path": "C:\\Users\\Ian\\Desktop\\blend_files_fixed\\blend_files_fixed\\results_test_100/r_34",
            "rotation": 0.06283185307179587,
            "transform_matrix": [
                [
                    0.42577818036079407,
                    -0.2723532021045685,
                    0.8628653883934021,
                    3.4783217906951904
                ],
                [
                    0.9048277139663696,
                    0.12815925478935242,
                    -0.4060322642326355,
                    -1.6367685794830322
                ],
                [
                    0.0,
                    0.9536240696907043,
                    0.30100005865097046,
                    1.2133702039718628
                ],
                [
                    0.0,
                    0.0,
                    0.0,
                    1.0
                ]
            ]
        },
        {
            "file_path": "C:\\Users\\Ian\\Desktop\\blend_files_fixed\\blend_files_fixed\\results_test_100/r_35",
            "rotation": 0.06283185307179587,
            "transform_matrix": [
                [
                    0.30901575088500977,
                    -0.2690533697605133,
                    0.9122058153152466,
                    3.6772193908691406
                ],
                [
                    0.9510568976402283,
                    0.08742035925388336,
                    -0.2963923215866089,
                    -1.1947957277297974
                ],
                [
                    -7.450580596923828e-09,
                    0.9591495394706726,
                    0.28289932012557983,
                    1.1404037475585938
                ],
                [
                    0.0,
                    0.0,
                    0.0,
                    1.0
                ]
            ]
        },
        {
            "file_path": "C:\\Users\\Ian\\Desktop\\blend_files_fixed\\blend_files_fixed\\results_test_100/r_36",
            "rotation": 0.06283185307179587,
            "transform_matrix": [
                [
                    0.18737997114658356,
                    -0.26070985198020935,
                    0.9470580816268921,
                    3.8177132606506348
                ],
                [
                    0.9822874665260315,
                    0.04973269999027252,
                    -0.18065965175628662,
                    -0.7282623648643494
                ],
                [
                    0.0,
                    0.9641353487968445,
                    0.2654109597206116,
                    1.0699057579040527
                ],
                [
                    0.0,
                    0.0,
                    0.0,
                    1.0
                ]
            ]
        },
        {
            "file_path": "C:\\Users\\Ian\\Desktop\\blend_files_fixed\\blend_files_fixed\\results_test_100/r_37",
            "rotation": 0.06283185307179587,
            "transform_matrix": [
                [
                    0.06278910487890244,
                    -0.2481307089328766,
                    0.9666895270347595,
                    3.896850109100342
                ],
                [
                    0.9980268478393555,
                    0.01561070792376995,
                    -0.060817573219537735,
                    -0.24516348540782928
                ],
                [
                    0.0,
                    0.9686007499694824,
                    0.24862128496170044,
                    1.0022244453430176
                ],
                [
                    0.0,
                    0.0,
                    0.0,
                    1.0
                ]
            ]
        },
        {
            "file_path": "C:\\Users\\Ian\\Desktop\\blend_files_fixed\\blend_files_fixed\\results_test_100/r_38",
            "rotation": 0.06283185307179587,
            "transform_matrix": [
                [
                    -0.06279198080301285,
                    -0.23215393722057343,
                    0.9706501364707947,
                    3.912815809249878
                ],
                [
                    0.9980266690254211,
                    -0.014606229029595852,
                    0.061069559305906296,
                    0.2461792677640915
                ],
                [
                    0.0,
                    0.9725692868232727,
                    0.2326129674911499,
                    0.9376928806304932
                ],
                [
                    0.0,
                    0.0,
                    0.0,
                    1.0
                ]
            ]
        },
        {
            "file_path": "C:\\Users\\Ian\\Desktop\\blend_files_fixed\\blend_files_fixed\\results_test_100/r_39",
            "rotation": 0.06283185307179587,
            "transform_matrix": [
                [
                    -0.1873828023672104,
                    -0.21361246705055237,
                    0.9587790966033936,
                    3.864962100982666
                ],
                [
                    0.9822869896888733,
                    -0.040749091655015945,
                    0.1828984022140503,
                    0.7372870445251465
                ],
                [
                    -3.725290298461914e-09,
                    0.9760681986808777,
                    0.21746443212032318,
                    0.8766271471977234
                ],
                [
                    0.0,
                    0.0,
                    0.0,
                    1.0
                ]
            ]
        },
        {
            "file_path": "C:\\Users\\Ian\\Desktop\\blend_files_fixed\\blend_files_fixed\\results_test_100/r_40",
            "rotation": 0.06283185307179587,
            "transform_matrix": [
                [
                    -0.30901846289634705,
                    -0.1933014690876007,
                    0.9312046766281128,
                    3.7538061141967773
                ],
                [
                    0.9510560035705566,
                    -0.06280779093503952,
                    0.30256834626197815,
                    1.2196919918060303
                ],
                [
                    3.725290076417309e-09,
                    0.9791269898414612,
                    0.20324930548667908,
                    0.8193241357803345
                ],
                [
                    0.0,
                    0.0,
                    0.0,
                    1.0
                ]
            ]
        },
        {
            "file_path": "C:\\Users\\Ian\\Desktop\\blend_files_fixed\\blend_files_fixed\\results_test_100/r_41",
            "rotation": 0.06283185307179587,
            "transform_matrix": [
                [
                    -0.4257807433605194,
                    -0.17194977402687073,
                    0.8883377909660339,
                    3.5810041427612305
                ],
                [
                    0.9048263430595398,
                    -0.08091376721858978,
                    0.4180217981338501,
                    1.685099720954895
                ],
                [
                    0.0,
                    0.9817770719528198,
                    0.19003622233867645,
                    0.7660605311393738
                ],
                [
                    0.0,
                    0.0,
                    0.0,
                    1.0
                ]
            ]
        },
        {
            "file_path": "C:\\Users\\Ian\\Desktop\\blend_files_fixed\\blend_files_fixed\\results_test_100/r_42",
            "rotation": 0.06283185307179587,
            "transform_matrix": [
                [
                    -0.535828173160553,
